96.63497281162103
106.89591675210622
100.55445116809213
137.648630949046
112.09240982569725
121.38595352338886
120.94034350365868
112.92119718034884
120.94875697740262
113.47673771699536
116.86458561303529
130.84562760786545
133.447451731879
106.32963664197709
119.8010417824813
127.00316056310287
146.97530240731004
125.05742192071655
146.02441534325786
127.00316056310287
146.59980452615093
118.27664402074035
112.01547336231596
165.84889852368846
135.54871542468865
136.09325048330538
90.02700336146367
116.1003792148766
149.04193790561175
146.13391753734277
114.52204510155421
144.9601052086805
151.1941082470499
119.70684669143536
116.00555461548558
147.7767715267402
120.62693474820396
129.9749142377892
158.15294991854122
123.2692701922884
122.14212800334154
90.29859306605283
115.24830268577105
123.69759935273115
135.1101500666631
141.47819884971815
137.09998412552753
101.00680333874652
122.31162656577501
122.6337711763556
141.30150741047873
137.4271579100332
139.54600173449276
123.17844983554579
146.1416077024271
117.95318275627761
114.0060114153668
116.1003792148766
158.17551211613505
109.1223001841435
120.87777701690014
103.43353133558139
126.56259093919749
108.07125900649329
121.22177885134771
137.92742645824217
121.5965655043662
131.0353977812932
119.1500897232999
146.11135533974894
111.42357254991411
109.55046959347837
125.9281352907928
104.93751133089853
104.96167057065776
132.45683933904513
141.44447259758456
131.0353977812932
131.0353977812932
130.0672820390411
102.11752179891711
110.4173029788271
157.21995754719129
122.51661536856635
150.1661547555331
98.62361370853122
150.1661547555331
105.04798346004058
113.94281794607731
139.54600173449276
120.41524476025285
160.97273285404066
139.00990695627974
80.49356483597815
92.17518546381525
122.18266465458855
110.1326944090593
141.24181995065976
110.59057019583189
132.6479136355731
133.74312293015998
142.2815373710806
122.58162199395726
143.2823025667643
137.94857474907235
111.95225187472181
143.19865755780492
118.08769385701207
98.25831893474803
127.99078993309374
99.42622765469366
107.77622542882557
139.5407220308655
115.74124918014464
108.34125443467553
120.42167413952549
108.60899121175308
136.1981246165488
121.85357359007754
103.69646576836355
87.13097629860917
117.01033286840763
152.01546009399667
106.14906346961938
143.2489345685173
152.47080897867292
119.01374483146434
125.87147869779635
116.51479771380494
89.9703171491107
121.7015283513677
139.8385145249477
145.59695367388701
117.6208393004125
145.57959821873564
129.01625717431995
141.84518894045456
126.00254099773167
119.0412980938294
108.82803187021054
140.71413462641922
137.72480341170512
134.1126974435322
112.66978380114944
101.4737279267545
141.01365796431753
112.13028107991957
131.8148250538742
110.42559503270184
112.81527602868309
129.95764921758192
132.94615814130321
113.5582809177253
136.0197708429683
116.25837462139987
139.1026099041319
90.02700336146367
123.36877154013892
126.07689534869185
118.72930475612685
116.32055607827283
83.54232982237299
147.51320678735428
116.04458921407303
108.28034814508345
138.55242395745245
134.28292167450584
117.78944900061093
98.62361370853122
116.11452191373218
141.16665637694376
139.79499997544727
136.12308841384393
128.95827788622577
129.50013183120643
125.9281352907928
127.165658543786
119.29307611543109
166.44318222685047
158.43252020184642
110.76323584421755
123.93865082627427
104.9585492042245
147.3179502092387
142.66882950613982
92.83243022498746
136.6668620253533
150.92455453479624
124.18718579464706
150.0176240153543
131.20386046881725
112.03273838252322
118.85730647826576
160.22804392373132
141.52135498047997
106.27610685173913
100.55445116809213
115.79944837478587
112.56547133461814
146.6820761717491
117.37202510402719
133.86122847449235
118.92006272354618
109.31381206804366
122.80483042300985
103.34623516696162
104.8716092077334
133.2816656531111
105.0418726405669
110.89387283677856
128.23381780134014
130.02704430787793
118.90819508422513
132.07825180934515
87.55505779272067
96.4868150436742
134.79857750664036
129.80359436166228
111.76996930386534
124.01182486075622
141.2200767664397
118.86664233405027
141.62947620876798
138.93327015019577
108.11281175666817
153.83137871315705
132.33477597165185
91.65599338832521
120.48772061143619
108.07125900649329
155.8905799696275
142.29741573802497
117.03219237548898
117.76919114071397
104.43638218784533
131.18911186054984
107.75328450161254
116.47259544908967
106.98149797824135
114.83950261691727
127.74571523157067
130.5948281573878
160.43226438471865
138.18718579464706
128.883696405712
112.6460147974742
115.94547305085688
143.40287801879228
101.00680333874652
134.51827471114234
120.39372853299287
130.2356912657161
110.4173029788271
116.70151411935481
113.05168963871608
88.46393273063869
140.80394616192638
131.0353977812932
106.89591675210622
141.72272193443612
114.35330979152637
145.94841399953722
126.06235591256296
140.86266536659804
137.66589596925328
146.847862250517
118.86664233405027
100.0615939505365
124.18718579464706
147.1465416942735
147.6242145233142
116.62468624522528
139.1409855473862
118.86664233405027
114.74856608383459
118.86664233405027
134.98256912220404
139.54600173449276
150.1661547555331
140.60922751018737
133.70305059028047
104.43638218784533
120.41524476025285
103.26621062297953
98.62361370853122
126.58320345525706
116.90710845231055
140.8046158869025
141.08394717086927
151.422008684061
133.09653777759323
95.2488130410886
124.69190711227796
137.47512861093583
134.65531706113944
125.50981413359324
127.70858711408268
109.6800336736728
106.61286480184732
128.293873865977
125.35598275660278
124.94985564665663
99.24504136021348
106.57054644225506
118.85730647826576
111.94267701959889
132.24449610538787
137.93290785006528
101.91677177537682
108.74747202796055
98.16113077781863
143.23935971339438
105.45689595962774
120.49625562003935
138.68232421522015
133.03380637828892
130.3578080939584
115.08323118203002
129.07609537023936
173.27547008217977
81.61978441668684
119.29307611543109
106.53614161616827
139.8004708158848
128.97206338552525
144.00154239426118
123.56490348831704
174.96422914288038
107.47054106459929
114.7854386879478
99.502927025345
115.73806034715585
114.5211661975004
107.94109555829905
127.05375794895683
143.00169978747277
127.30648402421582
136.31042752525985
108.60549957854786
99.75421894273094
109.49108350994452
133.1479631605573
119.01374483146434
117.59223649353139
103.87517719658452
128.10874599045914
108.02803555479015
108.49769278787412
122.69010702311402
95.9801436464952
118.16289455866882
132.09183885910076
120.57951797867989
135.94359453158532
126.09820338001306
115.06665561092254
115.30282005245608
133.3067189924961
106.59665237151297
115.01216337016453
121.30541495567122
110.44468774676184
131.14298679179416
111.73363494218383
143.93936721449546
83.75967446516368
141.52135498047997
117.59214009939417
133.65387851319804
121.55578109599536
124.25186970615967
99.59665237151297
125.21998544841179
112.03032440113638
120.71177594707149
133.44585690100982
145.48434898527663
124.32276124862489
136.11342040394243
119.7732304750819
124.21636823367592
146.52994604523695
112.45064268664908
139.59934315557416
126.81893466830404
112.45064268664908
150.3047896832767
152.55242395745242
114.51957134542992
113.86381563680808
138.86119360370114
140.28211830962957
173.30911867875997
118.16729970268099
125.58082201550478
106.97215025267204
104.21678004260757
157.6385482526793
150.31042752525985
88.79892135654133
116.77403045353438
127.96591143072754
95.80126904395597
114.54160887646476
118.79640018867367
103.16918564036835
117.46665526560261
136.77693900784567
116.10428675336524
139.26761096711448
134.3700601205408
114.16131309736902
110.60887899466054
116.83184210856597
101.72076117920801
103.9256294939126
148.2076187069512
120.06963013358245
116.0275819172411
121.04794038999724
159.83776247030733
118.70399583917143
96.85697727809348
121.20263469398668
119.30520343766302
135.55711441818735
104.00773796519252
114.12767661308624
132.6074946912353
127.22601638832218
123.1611848153385
122.52378988867906
122.15920572529075
137.3062127062171
126.81352101704931
136.74531772353862
83.75967446516367
136.8030344256027
111.09662464474002
106.47773447996995
125.4736598309369
139.5407220308655
111.29767336685515
124.93184217096392
94.85687327560048
117.65658645210361
139.04398877942322
93.20042952327393
133.70305059028047
93.50126077672525
128.38752342695113
92.23736692068823
131.6016509992817
126.03420970459098
111.84610264453306
142.11225805877814
147.59800016856525
107.48011591972225
101.72076117920801
134.0901285100932
118.61159878005111
123.83244388441189
130.6960539594319
106.97215025267204
140.50734985775233
140.052309841058
116.2522792871847
113.32204341300591
133.3044015137559
113.96605651925344
129.36153925712773
123.24722811235202
127.753405396655
128.74728520432512
130.95642723822883
127.22601638832218
114.76368806120409
105.78942552855548
100.76570047666766
95.80126904395597
134.06465351984536
136.12308841384393
143.94334648811426
142.66882950613982
135.6073365493973
