110.19973251692126
127.165658543786
136.12308841384393
125.14918681375458
122.31162656577501
147.33690533687496
136.73741356994393
130.7881643551264
142.24937181433816
98.18001640345834
125.55832274634274
129.05202060197846
93.79386642078742
121.29036019732864
166.12725123653112
109.7167414444227
100.0615939505365
161.2675240999677
133.43976156679466
124.60887899466054
112.38306650798881
124.71137837994173
151.59477083339775
113.99804875421397
101.43619983113162
112.07583216177059
124.3778342159726
100.55445116809213
127.58245088841562
140.04952037142024
137.00034332681946
135.4912023187086
96.31311181695061
115.24830268577107
115.96834627145884
100.0615939505365
128.7506184069358
114.49017637435105
98.66516645870608
138.00319417908338
112.978800609322
98.62361370853122
103.34623516696162
133.90681942074494
118.90819508422513
108.43153426987246
141.63271639773623
135.4042623222175
