129.03466242699264
146.63475543453717
162.42903113859663
119.24214021520935
130.1286467071461
106.47773447996995
95.51011849526103
145.48959268203572
118.5769524431066
124.33229328552926
119.69922975348071
93.71030285414028
106.65579764084082
144.11984638813743
138.2465545780548
141.5409737455207
120.06963013358245
124.28086790256519
98.05264862619543
129.36922942221207
93.4717805319483
116.2522792871847
120.85328847973429
152.73091471729407
118.08574352488561
109.89494232342118
105.24150936020087
125.18486207750959
125.84899491168073
113.28562316516629
105.16216764213249
119.49169296442724
110.68034469394684
122.64917613717436
113.87885054691617
137.3062127062171
109.1984764955265
112.52151966284195
92.83958948406406
114.71143796634661
119.87555706995836
121.76119774689086
94.6310323359814
114.47107040706489
135.2686654653621
148.5610815849197
111.00698554793583
104.27822796620566
146.3189211485262
122.6235588676073
117.69994689006789
136.7895511949123
128.3764827675367
129.06609678919693
123.16187217161912
150.1661547555331
132.11752427935167
146.90605815666393
142.0363719138622
85.10540045319799
113.5346218054073
92.23736692068823
119.90681942074494
121.29036019732864
98.66516645870608
129.9186501571643
121.11360563992596
116.24664144520158
103.6913000796632
112.15449320260723
145.4861540435236
125.27916009874355
143.26719742188243
141.08394717086927
118.56615592957077
87.55505779272067
127.39180246709009
125.27587567893632
127.09939096859392
133.447451731879
137.82796387256678
131.56445891355006
121.5965655043662
118.57773619496056
105.22691759742943
120.47312884866476
125.96968804096767
92.60526006981466
122.46718961149413
110.08749919475856
108.21895587747109
121.00431090281984
153.15247477977033
121.99105693658416
125.62880272255653
115.73918254590981
111.2115267481019
110.64422247674072
105.24150936020087
133.63816008315848
127.00316056310287
121.88351477194124
114.3388570685033
117.33152494372524
110.75279303640573
137.66270713626452
151.58759631328505
83.18285504751182
134.63653009455203
120.24001445373622
142.04406207894658
146.60957783081776
101.00680333874652
122.4588975576194
118.56547042791816
138.18718579464706
105.22691759742943
114.77734008951174
104.48506550665664
149.81419450326078
112.03273838252322
132.01716217890467
118.86664233405027
130.59482815738784
134.98256912220404
131.0353977812932
107.1084951445076
114.9176997117464
138.19395085383832
130.60775050836307
127.99924379637423
104.8716092077334
121.37360656532701
105.5332805003946
129.74818955557248
96.78643729141824
133.36427455467077
106.97215025267204
122.73806034715587
139.08361935155082
133.28776098732627
124.32276124862489
149.2259295211754
87.47588223117644
115.08323118203002
127.70858711408268
146.07173895800338
144.50124115396778
113.17762450714756
114.45676767759724
84.5632460331785
131.75731194789415
126.8241003570044
112.39486076188895
119.01374483146434
127.584249249274
146.44300604874587
94.44612603264389
124.94985564665663
135.83937210698022
114.72560049202839
119.97210882243678
116.90710845231055
112.31034113563837
127.45680909248095
134.95800869952862
108.28865071045908
118.465586197058
106.88987860707387
124.18718579464706
117.97493300911837
143.10628171461823
141.08394717086927
138.41508623165817
113.2591774773859
132.0430546293482
124.67622888100502
138.97298089751172
130.56861380263888
114.70833547182113
113.99261512579868
118.16289455866882
97.66985629099044
119.44455946473134
137.29663785109418
109.48125799756238
132.76744671308225
130.56861380263888
145.8616519246827
131.57099524239115
105.77985067343253
135.22004441433808
124.38489988727929
94.07864147622278
143.36742436396506
115.9620401164903
119.61046857378211
121.04725303371664
138.83944540650353
113.05023216801106
117.01275016470335
152.80015896794018
134.48835146644467
112.65031253348566
111.78623866640028
108.00095953643184
101.1702592838481
112.10846309836676
82.49578060912667
110.22161098225064
113.34568674823927
104.04972452282671
151.06604359647923
150.04478875787566
120.04414894609333
160.97273285404066
129.94591604138364
114.5722646333553
113.16713724898618
121.81963389570006
91.48871691800528
144.3927590023446
157.43338752503686
124.18718579464706
92.83243022498746
149.5167231897281
108.74747202796055
113.17839086961949
112.69809464127437
105.01433920502807
120.21043453883918
121.30876545000135
120.40091304567397
115.23666865360408
108.62856828176541
120.24001445373622
91.77946539457938
132.4378955533275
137.89058949047302
115.76653891346803
134.48835146644467
107.5797898221783
114.61332953842087
100.07481698900011
101.7842215182697
114.92811441267013
126.87147422827015
150.47394583065773
159.07344844487295
160.43226438471865
158.17551211613505
154.67801731497238
117.69659639573777
118.86664233405027
138.18718579464706
136.64437823923768
135.4912023187086
105.0418726405669
122.64359668873769
135.5966961317404
139.54600173449276
116.1003792148766
117.21062808780982
113.51672816755044
138.18718579464706
138.39037919634768
116.07633351286529
114.77734008951174
147.6242145233142
